583 875 51
16 502
47 62
214 477
56 556
34 138
312 491
8 238
206 253
107 369
181 318
415 494
341 554
59 576
37 161
102 281
287 583
155 284
299 319
344 461
181 336
467 559
80 122
95 260
317 471
265 433
42 352
13 236
312 383
133 390
512 557
241 579
406 548
45 277
359 553
421 546
41 145
77 229
325 340
237 456
346 372
517 519
200 574
412 564
212 310
44 406
110 253
101 284
279 309
276 322
65 120
359 436
354 488
26 128
97 179
228 510
6 555
215 409
312 360
90 158
14 428
144 376
270 363
115 578
293 346
234 535
5 217
184 296
222 551
53 132
356 569
292 414
374 465
266 523
205 364
244 346
350 364
10 417
194 336
208 280
227 531
137 485
166 521
109 414
490 514
131 572
29 552
135 295
501 520
131 581
127 291
286 464
106 506
188 316
153 209
12 81
208 410
34 523
553 575
140 266
466 516
61 220
141 478
347 574
314 409
32 342
89 309
2 152
54 190
210 428
101 283
51 175
296 388
285 351
90 530
93 437
248 320
71 535
360 381
493 502
78 412
177 534
38 376
110 355
105 286
293 309
99 224
39 322
3 247
262 358
132 230
159 522
280 403
143 388
53 104
95 357
170 360
76 505
22 107
340 533
1 84
332 440
156 205
97 128
9 290
265 368
211 397
188 432
134 550
189 229
40 515
15 342
115 289
245 566
86 164
40 295
384 581
72 476
52 507
286 445
139 246
307 477
56 257
223 245
237 418
156 582
87 92
411 463
178 350
6 405
474 510
237 445
49 65
156 200
315 373
262 456
88 569
219 396
257 261
108 407
496 552
424 545
27 64
328 330
238 513
283 426
403 571
120 399
311 506
179 305
422 450
122 310
71 134
119 183
263 295
135 536
68 208
422 477
76 459
20 326
301 425
217 453
21 151
101 232
164 181
148 502
89 285
484 555
307 355
60 218
143 234
23 178
60 227
373 449
166 254
126 181
268 512
48 518
80 312
64 206
172 395
114 472
94 503
1 424
252 433
276 400
5 147
64 471
48 365
324 547
45 476
19 576
31 550
483 558
104 400
175 451
84 580
384 454
85 130
396 419
36 503
39 172
310 477
242 379
202 306
348 360
363 498
32 151
100 304
149 407
236 564
51 411
87 432
135 243
161 381
113 341
204 370
178 470
147 226
31 33
2 235
177 514
61 550
439 520
168 267
262 320
8 324
4 34
292 321
441 462
54 538
203 490
83 583
418 564
85 534
173 229
11 167
125 427
10 351
134 256
447 487
472 571
281 436
152 462
44 371
307 345
245 272
263 397
410 568
207 407
118 567
107 149
107 576
255 420
189 447
446 527
207 254
50 298
75 471
489 507
43 411
316 417
109 204
197 478
150 403
461 515
67 207
100 155
172 241
343 416
100 420
252 270
104 143
5 411
487 509
55 259
8 413
88 531
315 573
308 543
487 545
268 479
259 269
365 439
61 284
135 233
141 560
56 434
240 264
201 291
171 448
203 251
372 456
14 473
188 357
185 193
148 302
117 333
273 333
223 314
14 82
459 460
155 207
457 490
183 287
346 403
174 467
329 579
285 554
195 499
480 510
266 559
47 344
213 404
292 468
110 302
77 125
82 91
359 476
171 416
231 430
356 452
398 467
543 544
116 489
91 545
188 505
364 563
259 556
74 492
112 357
90 180
238 582
190 267
61 382
184 242
378 574
52 333
279 461
22 292
504 570
50 409
306 487
106 142
280 453
200 344
31 386
528 536
80 269
35 127
486 539
449 508
20 233
279 344
181 577
233 377
68 151
132 581
146 327
285 396
288 429
136 453
73 504
154 349
301 368
25 46
91 567
75 559
160 517
52 157
128 552
110 427
78 304
46 281
21 435
19 416
231 317
74 361
7 42
274 395
146 475
96 367
64 396
231 573
1 129
347 385
250 532
383 567
520 554
12 224
17 101
55 356
196 570
23 233
102 526
38 380
58 129
97 209
232 501
104 581
7 401
16 468
24 481
110 157
124 568
254 269
202 249
57 505
60 174
65 527
138 359
63 454
111 503
36 311
194 519
136 169
109 579
67 335
173 307
44 431
148 381
179 485
98 560
341 565
376 532
145 501
45 423
8 96
121 391
165 577
278 356
440 516
274 493
130 238
251 357
124 325
158 565
330 430
165 424
441 517
148 282
53 548
10 150
417 425
449 457
83 418
36 68
300 523
393 562
196 533
167 408
361 511
99 362
330 542
261 442
439 467
155 281
561 563
40 541
277 377
269 373
9 343
420 444
4 237
89 186
97 428
184 433
119 196
358 478
114 517
378 545
125 136
267 467
512 545
350 492
105 563
331 451
394 400
327 499
36 463
380 511
26 251
217 484
163 513
200 562
197 389
497 538
62 192
386 414
186 389
359 406
355 454
260 454
179 228
285 349
74 184
23 200
105 437
362 578
62 304
246 412
93 282
170 511
168 303
201 526
205 478
382 421
172 462
190 507
72 353
497 524
303 393
318 540
198 447
1 91
102 232
7 260
25 156
73 443
133 494
39 212
73 452
371 402
209 480
216 528
388 482
226 569
72 474
20 55
218 537
375 539
17 404
232 481
78 432
91 362
123 156
51 289
390 509
38 225
105 553
24 299
321 415
301 446
15 250
176 204
297 323
271 423
120 123
341 509
340 553
117 374
234 392
361 496
28 296
68 341
200 408
3 379
339 575
160 442
189 249
164 314
147 243
162 381
350 441
126 458
458 541
533 544
252 445
113 385
227 370
235 383
255 298
328 431
374 398
323 325
109 491
309 427
212 485
215 243
304 330
12 558
319 480
25 119
447 495
95 354
1 310
278 457
159 366
195 450
284 388
204 517
518 564
150 546
140 334
193 489
58 292
79 86
228 465
14 127
118 166
11 229
413 538
221 435
283 419
351 572
34 200
15 348
98 126
213 449
272 535
322 365
136 476
210 294
191 290
125 354
280 377
137 557
392 429
103 326
14 477
211 524
187 405
275 536
93 132
66 542
197 369
19 192
66 551
367 390
59 512
436 471
57 75
18 492
60 220
203 376
240 425
500 501
21 274
33 239
529 573
414 434
143 519
144 582
148 225
20 305
31 305
218 549
41 337
491 546
431 504
17 416
175 426
219 523
138 297
263 557
153 258
126 542
415 416
205 305
174 201
35 540
444 470
70 507
96 565
22 359
53 185
47 541
112 271
255 427
532 537
328 560
540 550
116 488
63 333
220 298
140 189
88 426
43 247
256 391
21 107
173 384
220 307
66 258
222 487
427 529
251 560
285 445
108 520
455 466
275 508
141 190
81 139
220 334
547 549
24 288
101 462
37 78
332 413
92 252
30 191
221 573
3 94
30 438
288 343
366 393
157 399
463 582
173 514
517 580
215 358
142 374
315 445
176 525
336 486
63 337
180 257
182 199
342 566
186 300
248 382
55 216
121 198
69 160
401 481
329 474
21 367
42 161
338 550
179 386
137 142
79 448
117 322
204 479
222 338
205 304
173 473
162 244
193 451
40 218
27 437
182 558
11 438
331 519
294 381
134 527
345 463
204 335
18 306
22 169
277 566
115 266
118 402
49 150
74 243
163 419
108 483
17 374
48 352
491 522
199 521
494 518
473 495
54 103
29 366
389 529
441 530
298 481
370 497
214 231
37 68
308 522
484 528
397 469
193 464
92 498
36 81
87 154
29 231
15 287
59 92
58 276
174 469
329 352
458 475
82 304
154 320
49 145
214 352
14 187
180 247
111 376
67 199
230 324
176 353
313 340
95 288
70 213
187 371
93 327
452 525
57 252
406 567
125 414
308 508
71 443
163 288
214 482
375 436
149 380
244 361
39 230
112 489
28 99
239 273
184 185
94 282
387 446
253 455
279 355
456 518
225 393
184 203
20 500
13 223
339 387
394 561
313 335
4 254
260 341
429 537
84 530
133 404
264 460
323 546
370 487
59 473