273
65
174 963
187 1420
548 682
91 1229
1051 184
1056 1080
941 1077
181 462
216 1301
25 446
758 169
1469 942
1168 1122
1083 925
1394 279
37 1262
692 48
771 870
1262 1067
358 219
1417 1118
332 1013
1200 707
1381 221
924 246
1464 1223
1469 151
1079 137
1385 332
76 201
27 186
1336 1239
498 503
1309 464
1297 1144
271 1126
907 825
477 582
211 81
165 957
1494 423
981 471
1283 1387
500 82
1312 96
1 1069
127 675
301 795
72 666
714 1374
659 629
600 1258
974 382
369 1043
952 34
502 1117
392 386
318 1457
1017 937
1041 1145
681 32
133 333
444 22
201 1214
80 713