10000
693
1825
3374
2611
757
482
4558
554
3471
3987
2860
2946
2693
5187
4590
3508
3498
3097
1086
1825
3064
2974
2114
3033
4449
3185
1176
3819
728
3194
5031
1248
3843
5092
3906
546
2886
3814
2796
5227
2286
5022
4294
4538
2227
663
4830
4326
1116
1850
2632
3871
3171
2182
5000
2143
636
4547
4676
4217
5222
1503
258
2601
3250
4897
2011
2568
2047
812
711
604
4565
3499
5287
1973
1266
2758
3721
3312
3151
4078
4666
402
1840
4297
1573
2363
4565
4596
4836
2756
1324
4704
2985
183
2410
2836
705
4293
451
3241
4847
234
2602
4940
471
2543
163
3054
895
2203
3325
2878
2264
2199
659
1286
3794
318
2079
4260
1573
25
1273
4670
514
4939
4042
3610
3347
2965
1557
5179
2051
1428
5225
5252
1362
1519
3529
2882
2858
5315
2911
2690
5150
3176
2532
4982
3416
4567
4169
3439
4850
4186
4429
1688
2374
3852
3008
410
4001
1213
3934
2608
1892
408
3558
5248
2098
313
3186
3009
2999
3438
3174
4345
1328
1735
2883
3039
820
131
3533
3285
1936
40
4947
2621
4648
121
3731
654
5247
4955
1741
2768
2460
4621
2626
3897
2110
2034
4472
2961
1426
123
5090
2191
2188
913
1555
1918
3211
2738
2678
3190
1918
2147
400
1890
881
2638
2443
5264
520
2334
5018
3111
925
3590
2389
2087
2625
1503
1507
4152
29
1509
2836
3760
3282
3672
2799
4605
4386
2896
362
2524
4525
2346
3429
2439
5037
3251
3503
2895
240
4362
115
1524
5326
1179
4088
1047
3685
4900
110
5299
4533
2936
1019
1858
3984
3874
720
2551
4172
1101
1065
2846
4493
4926
4586
4233
253
5317
801
4856
2492
4184
3457
4140
3732
4637
3071
4460
2533
3919
1309
4193
5155
4690
4279
2314
256
5156
4302
2184
2018
2725
1642
3541
4006
4936
188
4363
270
705
2232
3223
2288
10
4827
263
2263
3640
248
1020
3338
958
5109
3435
3885
4795
1731
2541
4729
1356
49
1902
1631
5301
914
2229
5028
3241
3207
501
53
4568
3355
4326
3494
4733
2969
3573
549
1326
4190
2114
14
1959
2229
3116
257
556
70
2706
357
560
4330
41
4256
1215
2439
5270
220
461
4547
5324
638
1502
2374
3845
1664
1919
3468
3226
1005
1432
1256
4412
363
2136
1883
1050
4799
4542
1048
3206
1136
2480
1864
2017
2322
1716
2807
3856
2055
1272
3402
4069
3712
438
4295
397
3217
4298
1711
5259
5241
1564
385
3348
3729
2995
1230
5055
3072
23
4883
2281
2485
1074
1802
103
2344
3629
1664
2751
767
4044
1613
5307
244
2856
4891
4970
4326
1010
3058
2009
926
4152
4259
4018
1361
1470
1740
2041
3767
1337
1283
344
2583
1967
4101
21
2402
3100
5243
3317
296
319
4264
1421
1051
2716
1272
4207
3464
4334
1609
4448
564
4438
2077
4998
1421
554
3518
1321
1627
474
4590
2733
3894
3176
1750
4192
1403
5159
1464
3661
3120
4279
2257
3793
4163
1019
3914
1377
964
479
241
2231
2871
556
3956
2572
1981
4949
1309
1745
3315
565
2668
3638
1411
290
3747
2944
4128
3000
334
911
2388
4529
2365
3484
1282
4063
1769
3291
1824
1007
982
3218
1545
895
1818
2472
5071
1180
334
3628
140
2840
1304
1831
122
1072
2026
675
1565
1394
4187
1245
1695
3641
3148
791
2505
350
2946
3126
2350
760
2501
3648
3474
2652
561
4769
4804
725
4193
1682
2674
3956
1263
3710
3285
1407
791
4646
4179
2582
4671
102
3560
912
4479
2331
1974
2823
1585
1606
2612
4650
4511
4420
92
2833
527
1453
4232
4254
455
120
5148
1533
1900
5004
2101
1664
3063
4588
3793
4135
106
2093
3095
1115
763
2580
3851
934
2434
795
559
4038
3693
1023
4978
3506
2709
1799
4162
1346
2567
232
3219
3944
2110
1108
2285
4104
4423
2555
3106
3719
449
3539
3826
3872
3701
230
4653
4027
3465
2155
4171
1345
14
3152
3145
3925
1502
2373
4007
3508
3074
2386
3212
3116
4196
500
1471
1506
4012
2140
705
663
476
2053
1199
282
1107
2015
3321
1077
2221
1815
4027
2149
3736
1656
1766
3161
4019
16
4253
2944
4139
1487
3512
526
3473
814
1760
4702
5294
3375
2600
3882
3181
408
4812
4961
2837
3411
5312
1258
2571
1470
1874
4951
3494
64
198
4154
4602
789
2231
5136
384
3630
2769
393
2141
3873
2722
683
2954
5088
3008
4461
3766
1107
3896
916
4064
1486
2738
735
3902
3683
2634
4669
278
5067
3810
3254
4990
1801
1434
1715
2878
3087
1619
3474
626
2533
5240
537
1385
4380
4497
1832
4738
232
3862
5121
5223
3921
3127
2466
1185
3872
4756
2861
2260
4277
3280
612
382
3109
2411
3813
2762
423
4686
2993
129
1516
1060
4556
300
2694
1266
314
4225
75
4371
4163
3778
1402
3408
4584
4412
1796
2526
3668
3428
3044
926
1102
1160
2782
1190
675
813
5327
1366
74
3491
2627
2807
1544
3072
101
4805
989
849
3957
2058
4429
692
2882
483
3313
2368
5091
3126
1069
2270
96
2075
5302
3643
673
4543
1244
1797
2741
4373
193
4588
3849
973
205
1891
3618
415
4307
1490
748
3787
5114
3107
4861
4198
1823
2309
3995
1119
1928
4086
2535
4922
2874
2160
3978
2063
283
2254
3156
1527
474
3857
2088
1051
5199
2018
2101
5027
4734
4372
3513
3288
5327
4932
2071
1275
4970
4181
1847
4786
1690
4455
3086
1975
732
1379
5073
3414
3953
5126
2587
986
5165
1792
2352
1759
918
5298
2880
5334
4259
2149
1134
4600
2476
1817
3596
1934
4279
4102
4953
1289
137
4315
494
2295
4749
5155
4589
815
1681
1215
4990
3365
264
4352
939
2519
1088
2069
470
4808
5296
3366
4568
4165
3461
4292
1275
3193
3624
3
2122
1178
4421
256
2586
222
2271
2031
2745
1399
2549
5050
4006
3886
3777
2245
2177
4508
987
1870
2534
1848
2774
2549
1013
2792
3027
789
3545
2483
3303
1031
1815
3796
586
2826
4204
4939
4209
73
2146
3078
1969
4322
4676
5016
1493
3549
3997
4402
3786
32
4356
3828
4095
2104
2099
203
586
280
3548
3194
4212
876
3583
3402
1039
669
531
5044
3358
1642
2949
1798
2483
3296
4841
3344
631
2161
4083
4343
3737
1482
5021
4656
4647
2234
1285
4432
640
3248
2427
2955
851
3918
481
1673
3478
3202
1299
4437
3681
943
1558
2081
1678
2243
3966
931
4244
991
2434
4584
3349
2367
2297
1613
4560
2885
1629
2680
2455
710
4011
1022
4163
3801
2503
4448
4869
1978
3162
335
2575
190
917
3226
4915
4231
944
4432
3109
3936
834
3413
4194
5083
605
870
834
5239
1513
4676
5330
1107
959
3933
260
1807
4441
186
4799
1543
2530
1854
4594
4819
3082
1518
3397
342
5220
1442
923
2575
665
2121
2667
1947
801
177
39
2308
1780
5052
509
3647
5032
3132
2624
29
5165
3592
764
595
1840
3819
4697
3099
2194
403
2935
4497
174
1132
371
4530
3143
1758
1647
4638
3706
2150
3860
4941
4438
3219
1448
4772
4453
482
485
225
3088
766
2004
3264
26
4057
3418
1175
2767
287
3608
170
3953
4021
2035
1073
911
3940
4085
3309
1389
2434
3262
4427
424
3942
1175
4128
4131
5253
1874
4457
3005
684
1441
857
2105
1272
185
2153
4182
4837
2268
3827
3770
4630
925
248
90
5095
1076
637
2113
3958
3507
3047
3903
1587
4196
4289
3404
3870
4978
5047
915
2442
4498
3812
1886
2117
2204
968
4032
1992
3685
79
1474
1665
851
2781
685
1447
2927
3189
3916
1611
2026
121
1944
4971
2510
2304
3100
929
4139
1027
3814
3036
5071
1430
5287
761
159
4761
4924
242
665
253
312
2292
1024
3045
226
3625
1907
842
1663
621
983
229
718
3725
5219
5124
4547
5046
1105
3471
5218
2606
3005
438
5010
2027
2701
995
1176
1828
1439
5335
489
2191
2863
2259
320
1361
4291
4081
3797
558
3166
1382
5301
937
1307
1351
4456
3086
1881
2255
4600
2006
921
4204
5046
3802
419
1095
908
1044
4658
1599
4706
1321
4452
4195
2400
3002
5157
4542
1622
3790
2777
2907
1913
2474
4730
3096
5196
4086
3157
914
750
5049
505
258
2311
1935
1406
3276
71
901
4539
3150
1377
4158
4462
1916
5117
4465
1861
1646
2644
1914
3427
2166
4704
3067
5145
2664
3481
3947
4892
2078
3217
689
4347
4895
3631
269
3283
3210
393
1564
3931
4922
113
451
3942
3636
4595
1607
4905
3881
1517
2799
3855
3560
1461
3714
4976
4994
3456
4366
1361
427
3284
5240
3857
3348
3116
2698
3292
3551
2484
2832
184
616
2851
2651
1695
4099
5265
3940
1299
2770
5158
3279
5
1620
4115
4422
4938
4830
5313
2501
2612
4459
1447
3949
1740
4771
563
4606
1382
4908
4564
3884
4176
731
984
2866
117
1085
2490
657
5042
5195
3438
3733
2748
4772
4623
1675
2474
2968
2790
4753
2569
1827
2455
1860
3109
698
1679
721
2274
4898
426
1290
1097
4715
118
4841
1577
3774
2654
3852
3186
3499
1423
5222
4696
2313
258
2049
4118
563
3778
1161
3710
4422
3053
3486
2616
2767
2132
3921
3835
1853
3528
1251
3094
2418
1477
2894
3724
1082
3177
5018
1312
1782
3356
3884
5270
1951
3305
2996
4596
3276
3667
1673
2934
5337
1272
4586
740
4162
1350
222
3727
3520
2363
5180
2893
4768
4517
287
2024
1664
2253
4029
3404
633
2588
4239
2743
2842
3741
1401
3013
1399
4164
716
3043
1848
3909
2688
527
2184
2381
3331
4799
765
2795
1660
3676
1788
3490
5280
5321
1119
1277
5043
895
2729
2641
1123
2823
1052
1839
2657
2543
1447
4480
1221
5313
70
328
367
2376
355
2089
2273
840
1656
1928
2300
286
652
464
5187
692
813
2743
2337
4795
415
3282
5117
2066
3647
2214
415
1057
3500
825
3934
5317
903
5042
688
842
4139
3241
2394
504
1820
2893
1746
3081
2141
2501
552
343
4245
5268
3490
4804
1183
3906
1260
1561
2034
4017
1333
4503
160
1313
4947
4082
4898
2960
2113
1055
4728
1546
4037
18
3990
5130
4233
4485
2290
1857
3434
5055
672
5034
3133
529
4894
2240
2180
1267
2913
2052
2376
4812
2089
3560
5073
3169
1348
2385
704
5061
890
3473
2370
3402
1949
2930
5323
4185
5227
441
1395
1270
5016
2395
3915
2917
1523
3638
4843
731
2193
1089
376
2170
2111
2563
1056
1693
3628
430
1869
2225
3363
3500
1950
1572
3815
4893
3119
2197
4465
1524
335
2720
3504
4408
1483
4267
11
665
5264
4428
2148
4003
4756
42
43
34
4450
4311
3901
2559
78
5208
2177
3475
3759
1293
3865
2398
792
1658
1156
2487
2597
2520
752
3447
3711
4743
287
22
3038
1571
4499
4357
1052
4403
3372
3263
2435
2861
3526
176
551
2382
4548
4530
5058
2826
1430
3330
3576
405
197
2742
390
1571
5066
2229
5232
763
4012
1115
4793
2807
533
4167
1223
2947
3486
4017
3872
1568
3911
4694
3504
1552
2149
1973
4085
719
2013
4011
3322
5225
4659
645
3560
4436
1132
2481
2390
1823
474
5315
1679
1215
139
1125
4082
4402
4895
4738
2486
1364
1972
3342
1420
371
3628
1908
1993
3777
2201
581
3702
2333
1331
5106
4799
2505
4857
3329
4069
2775
2121
3707
4766
1841
2831
4651
3629
4990
3675
5273
489
3610
2598
2209
1680
1281
619
4426
319
1525
834
1549
2080
297
4141
1315
4771
2162
267
1863
1406
3874
1478
388
619
3798
2628
3720
4495
4455
315
665
1249
3474
552
3624
884
1940
5138
1433
689
1414
1832
3819
3225
2843
3710
1411
3762
762
1162
209
4882
2355
993
653
4142
1194
1369
2318
4300
1130
291
5066
5052
2030
1887
3221
114
1359
2965
1899
2233
1332
2504
710
2352
2978
1500
178
508
3334
3613
2259
4637
4818
1407
565
1172
1568
5328
4293
3098
3927
3225
4431
655
2360
3708
2416
3203
4840
3011
2419
2179
326
2289
3261
3438
4852
3752
843
87
2779
2198
2415
5283
3526
1627
2288
4217
2441
4505
4360
2786
1782
3377
2368
4611
1389
2504
561
2865
2805
1451
3792
5093
186
1672
5289
132
5140
4981
2431
2009
3136
1348
1695
4084
799
2159
1085
1726
1034
2407
3420
522
5056
695
653
1341
191
5172
502
2536
2524
2662
1166
4827
2807
1905
5030
4011
532
254
5225
945
2060
1660
2321
2041
29
2334
1887
3736
1658
3558
2375
354
3130
4748
1574
2835
4379
2398
722
4988
2372
1128
2378
173
2043
1406
4937
4726
743
353
1607
587
26
1681
5252
4126
3023
4049
1119
1400
591
2165
1783
1947
1252
2986
2577
1554
4920
2992
540
837
5291
5299
1285
3558
2361
4364
2980
4569
369
4273
850
1995
937
3779
3145
3765
771
55
997
3560
2160
22
2270
2198
4943
2842
4882
1586
4102
1318
4754
3484
1638
5039
2151
3348
4186
718
3067
2179
1116
1319
1862
3983
2162
2007
4289
2435
715
4102
4761
3421
3212
5202
1733
1499
4254
2718
537
5106
424
3015
1030
1526
4241
2001
1327
1891
3279
2207
4914
2310
4761
1341
2837
3832
1323
2374
2751
4394
1348
525
3416
931
921
1623
4334
3664
4596
1969
3332
2761
2932
3410
2699
4100
1510
3154
1843
1437
2735
1491
4624
5073
4113
179
1330
2855
3988
4093
1110
4242
3831
1832
3088
1719
4525
1590
89
3967
5309
2734
2314
37
4357
1479
4047
3680
1897
546
1202
5312
1880
2741
4912
998
249
3629
1311
2643
1368
3367
3928
195
118
717
442
200
4366
4229
3431
3284
4802
837
4831
4024
4222
2216
1564
475
2572
504
23
1049
15
3839
4972
1557
68
2223
4203
4824
958
1748
3871
1038
3564
3968
2987
3988
2542
61
993
3248
1198
534
145
4360
2712
2781
1247
173
4371
4268
1816
2345
4553
3597
2758
4692
1545
3916
1021
729
4127
4598
619
2035
2192
4471
1257
1844
5320
4176
3265
5060
3200
4701
1627
641
4905
829
41
1756
1273
236
3801
362
4891
5192
4236
471
1033
2221
4106
2221
4452
2473
327
3792
1802
3356
4883
4773
3569
104
1112
2375
49
3674
3354
2571
4292
1885
3125
618
3300
5332
2497
4691
387
653
3517
3119
4537
1699
5160
3229
4623
4200
1767
3267
5238
634
2079
1134
1806
4548
3265
4820
3255
2497
3235
2142
3141
1040
1547
676
2257
260
1954
4751
1023
2283
1165
434
2238
4369
4633
5140
4218
4053
1008
5236
3853
91
334
1353
3179
2026
5278
1145
583
5186
3405
2395
4232
4507
3583
5089
1680
5260
4525
3603
15
5277
4148
223
733
2474
4352
472
2654
4451
5010
2668
1157
2106
4041
1653
1106
519
2173
2712
1416
4786
914
4454
2263
3244
3164
1040
2027
1459
3059
401
3174
1983
5210
5144
3950
3241
1041
2915
1337
4068
4037
1481
5301
751
97
3417
1519
699
1247
3971
2662
4617
2648
1559
4025
2900
3638
5037
2964
860
3218
1411
1364
1192
5233
4072
4566
1812
3175
2390
4518
158
2283
2853
5180
2564
4070
325
640
1727
5324
3961
1651
2710
1849
1567
4691
632
2282
3439
2706
5047
3639
5201
4096
3941
1512
806
5309
882
356
339
4123
5105
1463
1959
111
3630
1454
2033
4694
4668
3011
3270
4478
4020
3698
519
3401
84
3200
3276
3040
4421
3498
3733
4075
4357
1621
4883
994
3120
1310
62
90
590
1940
3973
3263
4631
4334
4836
1740
8
288
3040
154
1518
814
1544
1492
2098
3108
2860
2955
4461
888
2452
1008
311
5259
1697
311
5261
267
1295
946
5329
3923
2755
4780
4997
334
3818
3283
3564
2743
1179
4060
3602
2708
3647
4341
4994
5011
3970
2629
432
138
4816
1428
5211
3174
156
2197
2504
3378
761
1047
2007
3439
817
4376
2806
5309
599
4119
199
1951
3464
4752
2675
4112
1497
1584
3807
3132
3473
3539
2308
4562
1212
4927
921
4779
1418
2067
117
1177
5182
2491
3976
758
459
1902
2652
143
2785
1072
3939
3950
2691
4453
1015
4642
4902
1475
640
2611
861
4102
199
1713
2806
4293
3015
287
826
1698
5285
3796
3871
3592
2662
1275
1768
3771
4869
3348
1053
4698
4201
2266
2460
3321
1340
865
2334
2839
636
1466
3149
1023
1229
2571
3579
3420
4055
815
3134
2663
4145
1623
4785
3251
4036
1039
3363
4549
5123
3968
4617
1930
3379
4533
3224
3209
349
4157
1139
2028
1224
1876
3074
999
3720
239
2799
350
3113
4894
2740
3512
1217
4519
4816
4982
3016
3414
1081
4621
3366
9
955
2683
3271
3273
4172
3627
4285
4266
8
3681
2635
4761
1382
2831
490
3199
1223
4087
4135
4108
2835
2699
2854
1072
643
2769
3092
3593
4953
1454
51
367
1487
207
1420
3237
3695
1951
3862
815
5183
1992
3377
1715
2382
2153
2976
3406
236
3574
5169
565
5289
2908
5211
3658
66
2014
797
3750
2036
1113
2334
3682
2524
3886
4056
655
2423
1075
3482
2036
337
4329
163
3495
3522
325
629
322
4497
4860
3150
423
2851
2598
795
5098
2374
5042
4937
720
2796
2939
3490
28
4079
3522
1567
2262
4682
706
3057
4001
101
1583
43
3624
3649
4759
4242
2833
5286
220
1255
3198
1044
574
131
4247
1804
3820
1678
3022
612
2907
4882
2228
3293
1166
1128
4281
886
5088
105
2807
114
4233
2100
2976
654
325
2244
2750
4585
668
88
5110
1668
3688
5221
2572
645
745
4598
475
3107
4349
3626
526
1378
967
3682
4376
1530
5315
3818
3051
254
3267
1293
3652
2733
4471
4507
2177
68
2237
5221
3202
1272
87
1591
4101
5036
2515
4404
4958
2922
4280
2913
1535
4773
4628
783
1790
5032
3300
913
1959
11
314
494
3341
4345
332
4295
2907
5148
2305
2935
4565
3841
765
1858
2056
3115
3084
2826
2473
3100
999
786
4923
1080
2003
1944
623
4547
4147
3835
1712
583
2973
2036
2165
5270
2179
4830
1301
2865
1282
4816
4203
2160
2929
140
1342
1709
1831
236
3734
3760
4383
4209
413
2412
4400
64
3517
2281
1083
25
3239
4475
4203
3192
1678
3382
1307
2259
1390
1024
2225
1504
2138
1219
5217
2378
4134
3800
2289
2662
785
3422
1152
5309
1240
4131
1100
2121
2482
724
4506
3502
977
936
4362
4251
2368
4392
1667
2444
5101
4554
2952
329
3567
1049
1953
2481
3540
5208
2605
780
886
955
4653
3017
2981
1640
3726
23
3332
803
2084
1795
4353
1052
540
4560
3086
876
2076
3230
3635
4720
4873
2107
3304
4878
4155
1372
4116
4100
562
1186
855
83
1110
1417
561
4894
1218
3926
408
1058
2488
1064
3715
1228
3978
3558
2180
2632
4817
608
794
68
4369
3512
2460
705
3717
5195
4620
4090
4421
350
210
563
4807
3832
3612
4062
1110
4592
3207
856
4465
1094
3599
2313
4296
1072
286
3557
2123
4224
1894
212
1115
4144
456
4719
2892
1790
4424
2813
3479
2464
3289
3400
2844
4749
2848
2996
272
928
1383
3925
513
1994
2758
1690
975
5212
3734
3811
1597
2518
3129
291
3998
5048
5335
2618
492
4220
3948
1098
4596
1550
5059
2279
5002
1170
330
1316
1077
5016
3623
4414
2543
2923
2504
171
3951
3132
402
4692
5322
2977
4907
4437
2827
3957
1262
3022
1377
4414
487
4317
3442
4370
4240
4337
3337
4894
5280
1524
53
463
3462
3301
4182
3293
4040
4805
1827
1321
476
3185
3576
3501
4715
1192
3962
1766
2090
4686
1280
2433
1460
2716
3922
1511
5231
895
891
2207
181
1439
2048
2971
2331
1993
3194
2283
449
2690
4862
676
5112
3962
4944
4341
4657
521
883
836
736
5336
3459
1259
3246
1545
360
1057
4762
4360
2294
4153
1439
4559
601
2200
2318
1508
5155
1169
1489
2506
828
2497
1610
2545
823
1646
3419
669
3440
3717
3681
2781
4241
2448
3430
3060
2577
217
2538
4097
3324
3828
345
383
71
2293
2377
3777
4297
686
4927
2709
1836
3393
2216
207
1091
2133
4773
4252
4428
2786
2121
2514
3699
475
3355
2793
956
2520
1977
4498
2738
4980
2473
3210
633
3687
3578
4641
3171
4845
496
1573
705
2269
4526
1545
2269
3458
414
780
1448
500
1459
2635
655
1994
4706
1019
3451
3979
3445
250
1032
1307
4523
2483
729
4807
1686
2167
5199
800
280
4274
4686
2421
4344
1239
5295
2487
3304
734
157
2853
837
3263
3330
4586
3085
1910
3477
3193
1610
1244
1776
27
5334
3417
3170
1607
3689
2025
3502
1285
1338
1122
2598
2888
4431
34
3816
1263
2084
5128
1981
3520
2717
2341
487
4911
3161
3783
373
292
2170
301
1675
5044
1879
5244
1856
3621
3929
5104
3385
2422
1311
5308
1995
4
738
5313
829
4339
2628
1141
5277
4724
74
635
2470
320
2919
4297
2096
4147
3179
5209
2715
2751
1521
2960
1713
197
3186
391
1470
3530
556
1085
4976
549
2403
2139
3359
3620
5334
3774
758
2995
5243
4803
2101
3783
777
3081
2185
4665
1553
4145
4511
4971
1515
2708
4412
1483
2645
1810
4500
3417
4980
954
1735
404
1434
4541
2452
4505
4677
2890
5219
2575
2008
4085
1993
42
4097
3538
473
3217
1985
4338
1700
2282
3485
159
3908
5010
4047
1604
3800
2117
3371
4692
798
3730
3097
3594
5073
3812
2209
843
4039
3835
2304
1566
237
1592
5031
1771
145
4442
1216
4620
2231
1518
3299
1284
2358
4098
3139
4542
1513
2778
3251
1052
2424
5292
2633
4533
749
8
1041
4507
2055
103
176
4725
3092
5325
4249
1151
2857
2809
4106
5170
5064
4279
4364
4649
501
2483
1230
917
1643
661
867
4810
102
4960
3354
528
2470
2011
664
2604
577
636
3552
2052
4211
1484
2889
131
1677
1525
2184
1153
671
839
2432
3777
2616
2802
4880
1922
4630
784
4649
2106
1249
2298
2353
4741
4629
2288
1913
1800
1750
1712
5296
2616
1835
2602
189
5104
1972
1121
2741
3620
4550
3721
3027
3825
899
4227
3716
3882
4946
2159
543
331
1632
1293
3753
4917
4893
5238
1692
2007
80
141
3138
4836
4930
663
3399
2907
2007
4126
2091
4475
2806
4327
9
4044
1605
4346
1101
1239
2244
3951
3508
2744
3299
2469
10
5069
1917
535
3706
4099
4450
1771
182
169
4162
362
554
3776
4276
99
3944
4244
3
158
5299
5114
5051
2010
4568
4554
1626
1982
3054
1237
104
3356
694
2936
516
2102
2941
3021
2009
4181
5229
3864
371
784
2952
3343
4613
5102
2659
3263
4475
3879
4192
3621
3382
4894
2401
2651
37
195
3464
3810
4783
2706
3571
4196
3559
2411
2457
4288
2518
5328
2466
3529
1677
667
4051
770
2986
3328
2304
4150
4306
342
231
5065
901
4076
674
2060
1363
3243
747
2006
3203
575
1209
2679
4014
2767
4323
222
3571
119
1311
2851
2613
3903
2589
1166
4266
2029
3444
5121
3086
5060
2202
580
1907
4502
2538
2124
4660
5130
316
3999
5261
4589
5202
2967
1342
1937
2496
2431
2248
5158
4458
4991
5019
4051
2756
1679
2231
419
856
2151
4751
1258
4204
2306
4869
1920
920
4904
4800
3413
4852
4395
1654
2933
3270
1742
4506
252
2442
2074
571
3518
3874
1200
3214
1309
79
1286
3497
4316
3738
63
4160
2451
3861
271
352
1178
5120
4870
3987
3857
2933
3818
2406
3575
290
5245
5123
3894
4470
4739
4467
1917
2462
4114
863
1636
2636
3207
4115
163
711
937
3646
4481
3725
5194
1897
3024
3022
215
4053
4365
111
4545
3680
3139
1644
4021
2279
355
1168
1489
4836
1443
4320
4267
5064
3846
3815
3969
4794
2367
677
4455
4509
2227
2989
4048
3748
1580
2964
869
4964
3663
2982
5278
1421
2411
849
230
4189
2491
2296
2397
4992
4164
102
1060
3682
1394
5191
2305
2520
1666
883
2348
3987
5248
3911
1685
4597
812
206
2155
1803
4923
3438
175
4835
1482
3795
2352
1529
598
2362
3657
2249
2436
1617
3536
190
2631
4185
5247
1450
2107
5090
2670
1761
150
3492
2614
2398
1994
2138
3059
1555
3812
2642
281
4401
959
4395
4556
2122
4992
336
2854
4109
776
4082
1377
3088
1748
2079
4091
2735
5309
1840
1790
3148
5152
928
2128
2829
3826
2777
3891
4459
3724
963
1546
4578
2242
3815
1325
3186
4769
3417
1598
2136
4284
2632
1661
1313
5027
547
1045
4852
448
1269
1070
1448
2597
1031
4963
4645
31
3519
2841
3598
1936
1700
4463
4479
3532
4652
4980
3178
2486
1238
1199
2709
2148
1158
3084
1668
3979
3106
1931
3085
4493
2950
4445
3553
5010
728
1188
3746
3127
4797
1087
3142
1032
2774
4912
2951
3192
3055
985
4228
3023
1338
3870
3050
456
2450
4187
5093
3770
1220
2210
811
4394
3177
1386
1510
4055
3089
838
3922
2104
125
4151
3047
240
214
1232
5260
4973
3434
2931
563
2876
4100
4229
1813
4896
1984
705
661
5052
4808
4806
3111
2773
1996
3414
605
3715
2860
1057
4360
885
2064
3002
967
919
3130
434
2696
4155
5301
409
3399
2392
3312
342
884
1193
3622
1622
1691
3494
4020
484
385
3722
4883
808
2351
1022
3347
4591
598
5194
855
4217
4548
3949
2821
4097
104
418
979
3169
1343
3860
3508
4349
3027
2615
3961
4064
1067
3570
627
3009
3638
1802
922
3780
4962
3402
1026
5334
788
4834
2279
4034
3971
4621
608
1220
5237
2238
740
1673
4588
5198
954
3440
4369
1841
2752
2597
5331
2758
3860
4438
2713
4077
423
1002
4458
3239
3310
2077
4259
4210
1068
4851
3692
1492
1666
1171
847
2576
2906
4027
4355
3436
4808
778
3571
3627
3418
5210
2040
495
3865
581
1651
827
2945
1862
3505
3684
1776
302
1041
4811
2675
4367
3219
2670
1343
1583
870
2108
2387
4037
3415
4065
4874
3213
4264
1808
2930
1427
3154
4968
1453
4724
796
3519
377
1311
1757
2661
2057
2550
3230
1399
3601
2956
5064
3625
5247
4851
1796
3428
5159
3170
1041
2383
3561
2743
3681
5032
180
547
5157
1185
523
262
3776
935
4857
524
2288
136
3965
4469
4176
703
3494
4117
4780
2304
1041
5157
5328
534
3435
3572
2646
1489
1151
4239
1288
443
2406
792
3373
744
2951
2543
3703
4888
23
5124
794
3063
2260
800
621
3312
936
5010
592
2876
1088
783
2605
176
4384
680
4981
694
1134
3696
1657
172
2865
519
1765
337
9
2469
2573
5163
4971
777
3171
2280
2311
123
1551
2381
2145
1629
2535
3926
4795
2112
2951
4003
3970
3761
5324
1687
2440
4278
2835
4683
4155
1681
2795
3112
3682
1826
5114
4514
5022
5063
1757
5030
3222
3437
2981
1745
3682
4507
300
3767
3431
2626
4004
1416
1053
2336
3573
481
2120
4066
1252
2290
4875
3529
880
3775
147
5023
1510
974
1496
1576
4079
1335
868
3949
4067
3628
3928
1978
4098
2802
223
3584
2127
1309
2976
3808
5009
5138
2480
1064
3921
4396
3545
1909
2991
3973
3357
368
2302
2684
1107
5083
3035
5101
5138
1334
1709
3435
2742
4493
4424
5104
2662
3404
106
4043
1663
2323
3243
1090
1288
4261
2779
4585
3808
574
1172
4897
511
3758
88
3166
3480
2909
2251
3679
12
1978
2049
768
4705
317
1856
1196
2667
2270
1178
27
1845
4253
201
4017
2718
1382
2713
624
5244
4007
4292
4278
4974
2146
3966
834
2426
2564
4454
4486
3833
4864
2747
401
1246
2119
3727
2806
3528
4249
2255
997
1438
2200
3610
5216
4879
1679
2167
4340
3569
1549
371
4101
3705
921
125
3796
326
2098
2147
1700
3902
1730
5213
1079
1732
4210
4768
2877
2681
3257
252
2932
322
2167
556
1557
1343
28
3598
2394
2072
1616
4758
2563
256
357
2029
3320
3826
1765
1093
1216
1976
3202
3615
301
4665
4854
1805
1646
1148
1998
1661
1820
3566
1491
4331
2015
1830
391
655
5315
3067
457
2610
4387
910
5223
1386
1688
2409
1162
2239
676
619
2696
4536
2326
1042
4632
154
2903
5249
1051
4243
4845
2621
1132
458
416
1914
2714
4229
4107
3303
5309
1545
2984
4441
261
4636
1124
3492
960
3733
5312
1778
1572
2365
5232
4427
3470
642
4627
5262
3902
3973
3914
3606
2941
394
442
3304
2001
3302
789
1068
284
3955
5337
2839
4501
4320
2884
3394
2507
4924
2663
4038
2591
5301
4908
2465
1634
633
1282
2534
4489
3532
599
5257
5162
1110
2516
1132
1787
4621
111
4743
1820
296
5083
273
3155
768
5122
4179
3511
1238
4532
1737
1741
5237
5324
4354
2641
3918
2309
153
4976
2393
4341
754
2670
4446
3621
4154
305
5295
1810
3040
3150
5047
2680
5210
4298
3419
1478
3650
2931
39
5279
865
1948
1114
4754
600
439
5220
1975
3723
2160
3844
645
1785
2060
5028
3824
4325
4200
2583
1904
1381
4784
3876
1614
333
1074
800
2784
973
3015
5288
3515
3751
2211
4102
4782
3966
5080
3923
3936
5100
1318
4709
3700
5306
2421
1960
1099
4169
4121
4577
4215
1510
1548
5276
706
1404
1466
3549
4521
279
487
2573
3133
3409
4499
1422
2212
3569
3844
570
3150
178
417
4749
1078
3463
1943
3089
1772
4469
886
488
5139
4229
3243
3370
1968
638
343
4084
3154
2711
476
1689
2072
1809
2455
360
4541
2616
2395
4893
4354
915
36
2013
4416
4172
34
3793
3275
2946
2305
4702
2007
971
913
1677
3547
5145
4878
2375
3920
1838
4223
5164
3002
1066
397
444
2824
2077
1418
4248
1606
4827
132
2510
529
3843
957
4241
1238
596
2179
1511
341
2038
3434
296
3560
1566
3914
2969
3714
2807
5002
4379
3242
2928
998
4565
2072
2489
3674
3728
19
389
3127
2308
2251
3476
141
4317
3722
2143
2395
4838
4755
952
3589
2182
2118
2365
3790
2480
3252
3910
225
3854
3698
594
1703
675
5248
1003
1208
321
1409
2007
373
4588
3170
646
2134
602
3212
638
5011
2229
2722
1128
3220
445
2738
1728
3457
613
2509
744
2083
5000
3403
2550
1072
3140
3951
4756
2998
4648
323
716
2241
1309
339
1079
5076
1585
1270
1807
3025
1486
5024
2701
1329
4747
4952
3866
1737
1034
3873
303
2353
2590
4421
2457
5136
1347
966
83
1611
3103
5044
2019
1976
3056
2640
2334
1358
367
1234
1097
4927
1541
4116
2432
4590
5338
631
2250
1319
1335
5305
3127
1087
3056
1120
1929
5285
3768
538
1733
1910
3446
3330
1404
3797
446
2864
1600
921
2150
3316
5123
5269
4663
3800
1260
2555
453
3411
1469
970
2455
401
74
2758
2140
152
581
2334
4436
2629
4957
1309
2410
2608
1546
5180
1074
3433
761
3380
1063
2456
425
4951
4058
3633
867
525
3471
3289
4042
3956
4934
446
2457
3002
747
1762
2190
2964
2952
1762
3189
748
1274
1305
2092
3292
1779
1716
94
2005
1413
3496
2834
125
1198
798
3817
5237
741
4753
2451
2018
4926
3668
4060
2438
4035
1838
2341
3259
709
361
347
3109
1424
3782
3117
1979
2400
1406
4998
900
4788
3599
2677
4309
2924
2670
2810
1646
2138
797
4123
1416
2692
1366
670
3315
119
2788
2215
3346
5143
3212
1316
1900
5024
692
5334
4865
1048
3822
5056
3296
5005
2396
2453
5072
1101
4523
3842
5123
5317
2994
4058
2738
3865
4828
2390
3302
4397
2939
2353
1847
936
1086
2848
1668
1254
5145
1407
4551
4684
2492
3112
3151
3607
5136
351
1154
4259
3914
3147
1647
2815
3612
4576
2317
3018
3701
486
5120
5158
3802
5134
2929
520
5339
5092
1198
5115
2714
3111
3149
3478
3829
1934
2183
4260
999
4775
3767
2811
4789
1345
4324
3444
5227
2043
1725
1799
3470
3193
1370
2827
830
2173
2963
2285
479
1835
2453
1643
4842
3577
463
1239
5082
5089
666
3005
968
555
5034
1362
4234
1676
2765
3914
1378
1330
115
321
5284
121
4904
2271
202
1431
859
2039
1719
4757
3155
679
4889
3401
1865
1740
3912
5270
352
3499
4566
3034
4225
338
3004
2410
1350
1195
5035
2078
4683
3614
3729
4148
2399
4242
578
1350
2423
5225
4256
1221
992
2832
3586
4167
1327
64
360
5241
3475
4832
3190
1047
4765
1647
2863
1499
4873
3738
3195
837
597
792
2707
2319
4122
3176
660
1934
4215
4903
1591
1308
3034
1977
1768
3823
2404
3996
1858
4438
1096
2051
4659
1814
2422
4188
5017
2153
1443
436
1051
4015
4613
2617
4033
3154
397
1459
4575
1030
4619
5071
977
4496
3414
1357
2406
3234
4710
1923
467
3680
4844
5235
2906
3151
4150
5326
1575
3305
3688
2443
577
707
5292
4124
1591
755
1535
1962
317
989
4187
1507
3327
2447
3190
4943
2810
2505
2090
5234
4939
4634
1771
1233
1910
239
4018
763
2036
2334
1574
933
3887
4751
2323
2520
1235
3752
1806
5330
3583
2791
507
4821
39
1592
2495
2058
3375
1934
2673
1637
3520
2342
4723
4441
754
1443
4774
2296
4883
3842
3830
2632
1394
192
3509
2867
439
3886
4841
2737
4642
2199
4999
235
3913
4542
1357
2765
4394
670
590
4386
1803
1903
1283
2378
1847
5174
2053
1751
396
2474
1910
1176
2329
3656
2395
1422
4098
3025
2869
2161
1826
212
77
3323
2405
4265
2791
4790
1067
3920
799
4102
3470
4444
4308
4219
1160
2403
966
2539
3027
2231
1024
322
841
3927
5075
3751
5002
3717
2297
2401
3023
3922
1036
3723
1769
4411
1961
2006
3437
452
74
2192
3084
4840
1599
638
3068
3984
470
5089
3651
2784
1024
4759
947
4970
4385
4665
3906
60
2089
2353
3621
3756
314
1639
888
1131
1916
2715
407
2852
3223
2656
4626
4614
4977
323
2500
2612
721
1078
250
2770
1890
1156
1704
4875
4559
510
2035
1348
1059
3061
404
3051
4012
5065
1104
3846
4410
4852
1933
2115
2984
937
2524
2431
3559
4353
4589
4552
3691
1969
1990
5010
2540
5339
2589
1923
1232
318
2643
5263
3344
2590
3198
3996
1472
1508
4181
5252
786
5016
1143
79
2998
5254
2587
4439
1269
5137
1806
590
1374
2671
216
1966
122
803
1329
3405
753
3741
3856
4551
2062
2792
4712
3743
4021
3229
3905
3689
976
574
3798
2501
2823
4414
3008
49
3847
4491
4315
350
3203
3706
1230
4980
4749
1597
1335
5035
324
2423
2499
2859
3533
5150
4429
2904
4739
1508
4009
1330
4624
193
1936
1152
585
85
5022
4857
1588
2836
1363
1108
4985
2395
2916
1925
2277
2013
2326
2755
4638
3336
4089
2173
825
4726
4659
1849
1743
1115
2619
5292
5060
2996
4211
476
4697
4648
4424
1850
5001
2890
4406
3896
1954
804
4636
1938
2085
2143
4320
4124
1336
3440
4346
101
54
4576
1512
2353
5129
3547
2953
3784
5245
3743
1751
1214
3452
3216
1323
4023
3313
927
4135
2943
2566
4066
5195
1796
895
2369
1718
3958
1979
1053
5092
4399
516
2218
3294
975
3117
4938
1693
691
1739
3355
1841
427
1910
4562
4904
4165
692
3319
4016
2462
1443
903
1837
2239
230
3082
1189
1803
1492
1281
1206
4279
1363
850
1617
3206
1049
2485
1263
3190
4066
3141
771
2861
833
3154
2448
1895
5101
35
958
564
4418
2613
4667
1384
2807
2247
205
3705
1172
1492
294
3646
4343
1323
626
1095
1984
2671
4168
1640
5238
5326
4389
5246
4860
1706
3739
856
2277
1857
1010
2923
3339
1377
1503
1927
4012
1914
4444
400
4703
530
4358
3820
3804
145
353
5154
767
1107
798
3092
1644
1689
326
5170
2048
3610
3010
4675
3597
4021
3601
3818
1458
2333
5201
2045
2704
2375
2815
3182
3263
875
5253
1412
363
2372
2441
885
2706
2230
1142
1778
1913
4599
1533
4906
5217
1714
582
4057
3214
2294
4717
5212
1658
1938
656
1091
1967
1321
1503
895
239
3378
2710
2180
5012
3477
4112
3110
1464
253
605
4921
5099
958
4607
4123
676
1711
1306
3349
2320
4062
2032
200
3813
1635
3446
1120
2056
694
4424
5024
1429
900
3594
1800
46
2331
4112
484
2141
3212
1448
3765
5208
3845
5220
4815
3733
4231
4987
3516
743
2387
2931
1463
1182
3656
2883
1003
4919
1570
3748
3740
3342
2882
3173
2892
4714
485
2084
22
1541
479
48
4977
3881
1249
870
2339
878
4793
3427
4643
971
2615
2609
781
518
2075
3131
4658
5096
4068
1279
3227
2902
989
2708
898
615
3638
5039
3418
2966
2368
502
4226
3746
954
1475
1818
1290
2202
1532
1046
881
911
5137
1426
4181
2111
2145
261
4168
4922
5205
5124
3593
3949
5076
923
2901
5295
160
644
4999
3579
4230
852
616
3520
751
505
1804
1598
3200
3864
1311
4329
833
1938
5007
695
3994
2903
4890
4264
1755
705
3237
733
1006
2493
3071
886
488
1065
3007
3471
4860
791
4522
3993
1776
771
4091
3167
4444
679
17
90
4141
3825
1515
4614
2624
1835
4260
4778
4367
4107
1351
2843
3157
1325
1769
3873
3836
3743
2796
2405
3516
4888
4947
330
4134
2379
1828
4457
1026
781
4112
814
135
4727
1544
2836
2546
202
886
4899
4515
2401
3277
3312
2823
3868
1414
2892
5082
3802
3548
1589
1575
2059
5312
4119
3732
1195
2030
3283
426
989
2276
3613
4516
1354
41
1537
1561
1753
5282
4996
4184
369
2712
1809
3680
1816
3058
4164
784
1845
4463
4004
1702
2303
5158
62
3659
4114
1133
2785
3135
3145
5147
1943
255
4845
2405
1769
2332
3009
3990
1870
945
2958
1968
3719
3070
2213
788
4375
1193
3571
6
4604
348
1021
3091
1850
964
1856
4727
4025
533
4125
2169
2463
4316
2431
939
613
2722
4693
533
4
639
5128
1018
5070
1453
2648
3890
1874
5095
5202
2460
3624
4163
2536
2715
445
5327
2097
1820
3329
4687
3202
2775
186
2853
2044
171
4569
3285
1440
2886
177
3870
3530
4237
3578
2707
3247
1098
4162
2152
425
2037
3351
4779
1058
5337
1246
5218
3335
1259
1601
3265
1681
2029
3502
5249
5316
2701
473
424
3166
269
1097
334
3573
2739
345
4930
4639
3989
2982
2036
1410
252
2269
4864
1981
1779
4794
117
1880
2420
1522
2065
1933
309
1668
1250
5316
3078
4857
921
2440
3228
4831
983
3644
3847
5275
3300
1023
533
3959
3065
1190
2768
3810
4184
2229
147
1848
726
670
1194
2888
1181
2563
3438
4707
1241
5187
4493
5176
4920
3440
879
758
2812
973
4818
5081
2428
924
2525
3949
3824
4735
336
4627
1533
2705
169
3119
2150
5319
4799
5048
1602
3682
1863
4134
873
4900
708
1178
3914
2252
2404
2934
4669
1184
202
1582
1613
2971
3467
4482
1421
45
3944
3915
4233
645
3448
2405
2775
5016
559
2022
815
1531
1922
4053
4454
47
3940
1173
3863
5127
1714
3239
3327
1079
3407
4945
1659
3802
4242
557
693
1788
850
2053
1276
1716
2196
3492
2843
4791
168
136
2626
4843
3074
108
3831
3884
2005
4139
5255
2001
4375
1929
1288
2828
896
1668
2415
4698
2712
4789
495
3334
2407
3611
4026
5197
4085
2771
1720
2132
470
2478
2612
2623
2096
225
2658
1697
4703
3317
3992
1619
3795
581
1889
5081
2378
5064
4340
3210
2030
2219
2984
882
3548
464
4351
2667
750
2204
5053
2899
684
4072
2850
4067
1077
484
5260
858
1206
506
5068
311
3719
4274
2970
5049
2639
4563
2007
5097
11
952
5077
3378
96
806
502
748
732
931
2357
1615
1885
2135
3561
2862
702
4854
770
799
4346
1418
1815
2584
69
1480
4726
922
548
2686
861
3309
3235
4404
4418
2683
3781
323
494
44
4401
5174
2353
4238
672
3533
1903
5030
1364
4609
4113
2617
243
2742
2722
3154
749
2188
59
3250
1587
1601
1170
135
4324
3234
1137
809
2461
4432
3708
2104
5339
1156
2953
3606
2649
4206
359
1002
4092
589
2986
2192
1895
3080
2142
421
320
1132
2081
4866
2358
140
2021
949
2506
4995
2686
4422
439
1806
1489
1689
2624
2686
4831
3528
4182
2365
3244
1287
2354
3090
3282
5091
3484
2308
3447
376
4039
398
2975
2011
3581
1241
1565
5216
4650
4765
1267
1866
5321
4200
1369
584
4660
4670
5099
1241
2970
4886
5282
3929
3931
44
4851
917
2037
3903
17
3033
3447
1117
918
5304
3087
3138
1456
2412
1461
2362
3475
4035
4176
3091
1564
2108
2262
3908
4801
4426
4265
4667
618
3182
56
2234
3751
2365
3788
5222
637
2753
147
5177
2377
278
529
313
585
4158
2375
2956
2540
2257
1504
5214
4220
2185
3208
1893
1950
2820
4186
4705
4852
4295
3588
736
1395
2009
5202
952
2306
1262
4096
1093
3892
2267
1043
3884
840
479
2192
1055
2683
4625
5091
3080
745
4381
1193
3705
3941
4448
4332
3903
4990
1827
5291
4879
4788
2946
1886
826
1410
3797
3043
2188
616
1851
3997
1215
5210
1026
4140
2105
1993
2778
88
5237
155
3893
2699
1694
3574
3467
894
762
3482
1676
4628
3044
3886
2816
3766
52
1044
855
3818
2459
658
3271
3268
3614
152
563
1307
73
1553
4344
3706
3108
1839
1995
4508
3084
943
3786
1327
1817
1371
3158
3185
3529
5233
3313
1900
1667
699
406
315
1381
4547
5162
43
1601
1053
278
423
1971
3515
4691
4913
4293
5061
2049
3958
2779
3920
4416
2243
1913
4727
2580
3370
5107
3971
5154
1765
1700
1814
5267
1314
1313
3654
365
784
1469
4301
374
1745
3656
5054
2076
1958
888
4908
2596
3255
1555
2325
1680
734
1040
718
3368
1189
1587
3912
2068
2417
5018
3103
2372
5272
5332
879
3353
4814
4966
2028
3008
2895
4388
1731
4360
1175
3003
4899
2743
214
4750
2601
5197
4920
3891
2755
1579
3529
2274
5319
2347
3678
1676
2075
2543
3951
4224
1620
2789
2860
3266
4534
4111
2033
1869
979
1929
3390
1624
509
5279
2034
2622
961
273
1350
3716
5125
4984
4724
1699
304
979
3673
4357
1486
4366
3764
5037
5008
2978
2042
4943
3724
1615
2284
2538
3710
4482
920
4277
105
1441
2500
2210
2417
3668
2083
3750
3915
1547
4802
598
5316
3380
64
4819
3884
3172
2378
784
4418
1681
4
425
3469
3116
4517
1667
1268
4200
1133
4940
1956
3276
1537
1189
2166
2646
1705
457
2725
1187
2820
690
164
766
2698
1440
5229
4025
2666
4227
5024
3913
70
10
3880
3049
3899
3272
629
1978
2681
491
382
2801
4345
4654
589
4086
4914
3239
3757
786
3625
284
423
3017
5249
2200
705
1127
5247
3616
162
3795
2130
792
1221
2994
2921
63
975
2396
3425
4872
1286
4103
2461
2472
4842
3555
3837
98
119
1405
3713
1425
2357
3662
3030
659
1902
3819
4563
394
4167
681
2823
4211
406
316
4305
4379
5058
279
4922
3178
1571
2229
513
1953
45
5110
2828
292
4748
431
416
4970
2380
423
1879
1825
2702
2518
4748
1044
4085
3956
2016
2752
2152
5184
894
414
4641
2650
2
355
588
530
3829
479
2360
3441
1317
5078
2321
1952
4079
2332
4264
3647
2675
2057
4814
2258
4087
2925
315
2830
5024
1480
2140
4166
2478
1590
86
3284
5170
3086
581
230
618
1285
2919
5116
3303
4108
4020
2011
4926
4265
4062
1323
2284
4510
3666
4997
980
905
2760
4359
3097
1862
1281
2262
3935
4160
1325
3886
2233
5219
3113
41
3755
1705
3569
2373
2762
5300
415
3401
2346
2529
2474
750
4275
2058
4981
2541
1435
770
2717
1686
3075
4984
5103
4434
4105
3669
4801
5021
537
3370
4283
3375
2489
1899
5043
3444
3652
2534
898
4927
2374
5222
3091
1640
4952
2690
1871
4562
2102
3236
1195
4453
3462
432
2467
3893
4882
2936
3485
123
3834
446
4108
3562
2155
3688
983
477
3704
306
641
2442
2212
4253
3923
3350
2321
5274
3384
4094
857
4304
5010
1221
4658
4423
4069
2887
5069
2802
5100
4700
181
2168
4334
2889
1072
2038
5310
4369
2856
2719
808
3962
4237
4277
2521
1182
3700
28
2589
1787
3449
3648
4227
1036
997
1180
5109
1105
1195
1950
311
1025
2279
733
931
3672
287
1565
3482
788
4467
3827
5068
2762
1964
3443
2046
316
1377
440
862
4681
1302
3449
2419
2652
1944
3893
2707
3063
885
2061
1435
1096
1226
1314
4195
3338
5060
787
2854
1242
21
5315
2649
4571
1442
4949
5043
2122
839
1735
3708
4397
2641
2238
436
1598
4060
2770
2092
786
5086
1051
5160
41
4258
815
2758
49
4428
5304
3437
300
1343
3803
2990
3
168
330
3320
4288
1003
3155
3142
4058
3281
3631
2219
967
565
199
609
1385
5195
556
2756
1782
2882
4621
4189
1493
1383
3036
657
2674
1523
1722
4535
2963
3329
4940
4239
323
3225
3686
1609
5242
2565
1347
1531
2077
2596
1824
877
4244
3885
1234
188
5104
4044
4445
1505
2268
4408
2233
3859
1359
3516
2648
88
4320
5308
4125
4070
3496
5285
1313
1869
700
4009
1060
5052
1662
4061
3932
602
1313
1257
4308
2345
3039
521
2182
1838
1423
422
5303
4637
2318
203
4367
306
3856
4499
4557
816
2686
608
5123
486
3551
5118
2547
3921
1288
290
2848
2057
2068
3070
1305
3686
1464
4618
3258
5183
3281
189
5098
2342
597
4275
2366
2739
3830
1546
4572
482
2273
1879
566
201
4547
2419
1025
242
3431
4571
196
396
65
459
4201
3950
187
3430
1596
279
3685
1322
4953
1855
4196
1999
4542
1877
1686
3801
3693
2132
4565
4268
1747
3109
765
3040
1160
2779
1954
533
2378
4427
821
3157
3401
3818
1624
3360
1143
2677
4296
1452
2890
4966
4219
1190
4395
1188
2481
1644
2218
4245
1062
1842
3777
423
4909
1158
4683
4384
5074
3509
2974
3182
2111
2755
739
531
4150
1228
4648
2271
4387
2589
2635
486
3263
1776
5026
125
3230
5062
5245
1064
5328
2933
836
3878
2428
2147
111
2972
4104
4659
1241
4798
2101
58
251
1255
1079
243
320
3981
2235
1510
1158
3472
110
1447
820
969
3791
4492
2249
319
4390
5130
562
1205
2202
2509
3212
3432
3915
3080
728
1416
248
1172
1705
5254
4456
1572
1880
426
81
290
4636
5310
4643
3837
437
2661
1741
1221
2337
4780
1619
2472
82
3230
2873
2873
844
1296
3907
1838
3578
2016
159
5040
650
1117
1263
4221
1369
3899
4017
835
4566
2495
60
2154
2720
2098
2566
2038
2092
2803
2512
1191
2366
2516
1690
662
2322
803
651
1896
3071
5296
513
2594
3249
1814
4886
4474
1447
3773
1681
2355
3320
1388
438
2613
4418
4330
259
242
1700
911
3290
1738
871
4851
4782
4994
3279
1434
4702
45
2235
897
1245
4947
171
2043
3996
2907
2794
511
342
5
1734
1308
1576
3523
4373
5225
2761
457
3417
5012
1536
4060
2998
1318
1212
4929
3008
612
4797
3152
3812
2851
4957
2858
1044
3872
2787
4111
3992
4601
3668
3592
3851
4348
2381
1516
498
1349
532
3036
4960
3152
2250
5275
1657
4452
3549
5031
4388
5008
508
2283
432
2562
2372
981
2621
1713
1170
4982
810
2285
451
4009
382
1944
4290
305
4469
4597
4791
2191
4290
4204
543
77
3002
2078
152
361
3024
949
3550
4767
1341
4218
5136
5213
4503
3560
787
356
3155
3846
4123
1998
1031
1233
2845
2914
4097
5169
2388
3463
4178
5171
2382
5073
906
4204
1371
1596
3955
2719
991
2668
1308
1460
2182
15
444
5306
2312
2633
2964
2655
3844
1411
118
2521
3870
1509
4329
2175
1743
2288
1647
3267
2703
1525
4218
3430
1407
987
1031
55
4493
342
1937
2156
4772
5111
5289
410
4142
3314
4779
3773
732
5332
674
1027
4996
3433
4669
3121
2103
1968
1073
118
2964
948
1245
3481
4285
2757
3773
4303
1071
2240
422
534
3358
4304
4310
255
2644
1709
5184
1606
1949
3018
1310
2230
1049
488
4459
1803
3660
182
918
901
1251
1186
224
5071
582
2823
425
2582
4839
2563
901
2048
4078
1031
4207
3620
3028
2146
2702
4832
1924
1555
2304
2729
4011
4326
1396
934
4925
314
1854
1874
3856
1429
1438
4917
3046
624
4683
1983
1036
512
5154
2723
960
2978
4746
296
1469
2786
1849
2502
1912
141
5108
2289
664
621
1431
3540
1271
1668
1622
2601
4053
4967
3560
4885
1260
2258
3974
2684
4642
4190
1396
2848
2979
1099
4327
1808
4347
3544
5227
3703
5302
982
2295
2720
4195
3376
908
3237
458
4530
4879
4848
2239
613
3
1720
4032
2477
33
4844
4465
1258
2880
3009
4771
1710
2680
220
4884
3919
1120
2253
1493
2010
2986
4815
3070
58
82
3053
3267
708
1424
4978
750
892
3842
3697
2886
1591
2928
4564
4529
351
3994
1406
1138
5206
4440
2852
2522
2738
38
2998
583
3196
1287
5049
3795
5268
2832
695
1187
4540
5103
478
1173
5030
3598
1030
137
3421
258
228
1215
3109
954
3820
4455
588
3711
3685
2064
2877
4109
1357
2071
89
3241
3539
4965
4366
2896
3753
3188
5160
248
895
4363
4652
1231
910
1323
1351
54
3765
4099
3587
5254
781
3589
1510
5042
392
4945
4998
3286
2648
3082
4392
791
5147
5134
2463
1351
4467
2773
3026
2987
356
5086
219
4351
3513
3170
2930
1402
1099
1177
4401
599
2610
54
3459
1593
304
1318
1009
2102
1436
1375
1629
3913
2195
4949
784
5109
3527
4471
1970
3980
992
5082
1676
1690
1346
3772
2989
4308
5127
1747
3554
3162
4030
4160
4462
1431
3602
4531
1447
4032
3427
3740
2026
4051
1772
2807
4069
493
4747
651
1905
3231
684
4129
4370
4937
1521
1490
639
1280
4944
2828
4289
3989
1968
577
4645
3377
4601
3582
790
2159
1621
1812
4744
3253
3652
2964
432
2351
2938
1129
2335
4574
2633
1922
3721
2101
8
3263
3887
4196
4483
5136
1560
2319
3851
160
230
1290
135
4409
1572
3129
4336
3267
2583
1859
1313
2645
3776
2197
1743
4484
3673
3387
4286
1822
1288
2735
3784
596
1365
1940
2727
1225
5130
2315
691
2646
5046
1530
586
315
715
35
3091
1096
875
4888
710
3615
189
1207
1220
217
3966
3951
1274
5190
761
501
3139
4034
4249
4598
3937
919
3169
4308
1213
4959
4784
1904
1795
2625
2000
509
2775
636
4753
3832
248
3212
4573
346
5312
3687
760
3030
4190
3765
4194
2142
5137
181
4906
2831
4833
5018
2067
5213
3091
3747
2523
3278
3863
4193
1020
417
4394
3083
614
2227
5015
1389
762
2199
2077
3598
2392
4933
2408
857
3173
4874
3312
1213
4316
5141
2278
5158
3803
1351
650
877
529
4885
4119
572
2977
3939
5230
3017
4476
893
1927
3688
1691
2934
5202
1916
3268
3374
3565
4782
4998
4146
288
4441
2368
3793
1766
2930
974
2838
1575
5273
2389
693
350
148
4079
1626
424
2195
5210
15
5338
4594
4841
1161
4655
1752
35
3596
680
3916
417
563
1585
1825
2992
793
619
2484
4835
2990
4900
465
2854
2922
1622
1006
4337
3327
1950
4897
505
3633
393
2491
4106
3114
2460
1080
4508
3594
2415
2302
2880
1308
3015
3390
3421
4411
1576
2350
4324
3974
5152
748
4625
4383
4701
5177
289
2458
4647
1189
4107
1691
3524
3475
3452
2315
2915
995
1919
4586
3631
2401
921
378
4953
1312
4206
3805
268
2444
31
5299
2652
1653
4886
1336
3215
2042
479
2537
1509
3808
1810
478
2131
2429
1179
5234
1036
4272
151
2723
3845
4154
1348
3736
3009
3040
644
4136
77
3586
4479
3755
4292
4591
4098
1577
2866
4424
55
986
4292
3468
5152
3823
3944
3791
1370
5029
4449
1492
5144
2813
2669
1692
2178
4377
699
3008
3434
993
4103
2420
5132
2097
4498
518
3324
36
2050
2605
2635
3015
3192
1432
4491
3777
4673
560
1803
2095
1494
3713
4
1937
885
4042
2276
3225
4642
1542
3379
4755
4195
3488
240
5158
845
2660
2453
1245
2295
2701
2035
3706
2915
1398
3939
853
109
5071
3866
4842
2227
1161
5200
4495
788
2162
3364
1667
2433
2410
3239
5038
3772
1357
926
1326
2534
1834
1276
4896
1984
4964
4179
1816
694
4876
2970
83
51
5318
3303
1650
1541
5001
446
4419
1303
2370
1828
1857
4741
2138
3468
2272
1214
2930
148
4790
359
2864
3073
2963
2069
1758
2663
3840
2050
4698
3091
3865
2840
4037
3795
4725
4367
909
1796
5277
5334
2099
4502
5205
158
5011
3405
3498
4310
832
2006
1177
3139
625
436
2795
2180
3904
338
4556
803
3132
3481
2286
1198
3987
1332
2870
1131
4949
2210
143
4691
242
753
2589
5327
1772
3099
222
229
4234
3838
4731
1822
4887
4859
4427
1307
4257
4509
542
3433
2922
812
645
2432
431
4997
2333
3688
2703
1869
5049
4393
1718
4967
3501
3759
2013
1083
3547
3040
1666
461
3543
3608
1093
3969
4921
3397
4415
3500
56
4535
4943
2328
2505
346
5116
1002
1722
2622
4188
3194
3459
4885
2176
1212
5238
5268
675
2733
2961
2007
3301
1684
1328
61
3800
3218
858
3905
4165
1501
3703
3134
3045
5000
2936
2601
3756
3616
1133
1344
3700
2810
5240
2554
5245
4439
1137
1112
2214
399
2401
2758
3398
2513
3231
3780
4326
1525
661
4190
2962
4429
3554
2634
3707
2927
715
1498
4176
3105
1154
3311
2433
927
152
4524
302
300
5049
2219
1256
1154
4628
1260
4494
1367
2393
2586
1789
2808
1036
4566
1993
2322
2718
4917
4706
4539
1956
5104
3053
5046
1955
4037
2765
5175
2242
4091
436
623
1887
1110
3970
5002
1764
2311
1156
5170
108
4457
136
5073
3297
4758
4656
2658
2556
3446
1177
2730
1690
849
1992
770
3430
1636
3827
4136
5002
908
2518
3983
4572
5016
3859
245
4080
343
4273
4198
2459
4129
368
1290
2291
2233
2117
869
777
2478
3359
1698
5106
2895
1829
1467
1754
111
3645
2905
1687
529
5091
3608
3290
4316
3233
3696
1672
3701
350
5052
748
1580
3562
4362
4466
2622
3258
1818
3393
4395
3123
2192
4238
2234
4088
1585
4374
993
2819
905
3298
875
5185
292
1205
3164
570
2602
3731
1310
1097
3400
174
4119
5292
3886
814
3011
3771
1055
3790
489
2591
4122
4722
4647
903
487
234
709
3870
940
2450
795
233
2958
5152
2614
3951
4367
4043
1393
1466
3660
493
4449
4916
4566
146
696
2773
5098
4387
2823
2229
19
4893
206
3263
1552
2393
4322
2155
2540
1151
4308
2339
4419
4282
160
4961
2330
4650
2775
3592
4941
3403
2662
2390
298
3001
4777
3711
2252
2987
2262
1668
5112
4249
5147
3543
2299
3672
1268
3918
4897
3714
2998
2084
4867
4579
2037
725
4651
1042
1960
4570
1720
4733
2433
1958
174
2450
3348
3641
1843
4401
688
2885
3605
2724
4863
4559
1911
1021
102
5103
2106
5224
3862
447
1343
1089
4373
1351
3370
906
2260
4155
699
3237
4374
2499
130
5110
2239
2396
4891
5170
2481
1156
2251
1822
3143
1354
3320
3944
2397
2982
1273
5263
1145
2572
68
1312
881
4614
3217
2998
1298
2350
2665
1278
2786
3484
3909
2730
4421
3536
4131
1596
5098
2740
4976
3187
3398
1512
1025
1031
4222
4225
3131
4689
4693
2438
147
4856
1668
4777
593
4197
2811
3325
920
4799
4208
1955
3873
3272
97
3071
4274
1525
2319
3664
538
1230
3393
3030
5144
268
4267
4095
810
3921
3524
3068
3179
1200
2163
187
1053
4872
1821
3949
666
1344
666
2222
1338
2310
4038
1363
5083
617
1067
5140
4754
3032
3611
2466
2115
3788
825
1437
1835
4688
2256
1625
293
4357
906
3524
5069
2503
4171
3459
3134
486
1614
3623
1156
54
571
1898
4003
982
482
1724
4538
2281
4840
4811
2606
3669
2610
4886
37
2049
5304
4902
4791
855
1708
4302
1875
2363
3713
933
4854
1195
4808
4538
1436
4350
3209
4951
5002
3304
152
2688
1924
1781
1911
4512
3545
807
2988
5326
1029
768
5284
3611
4463
5172
3824
4002
2334
2586
3680
1840
220
5251
1608
764
2455
3670
920
2946
3318
337
470
2165
1539
4462
1875
4184
2671
4923
3041
429
3775
124
3787
4426
3856
362
2631
760
1211
4627
1454
1794
1453
2888
5258
5045
749
1954
1213
1609
1801
398
2766
2678
2794
1885
2934
4822
5291
3274
2321
3178
5257
3640
3951
2795
55
2305
2912
2899
5211
1132
2470
1040
246
1092
4708
4865
4944
1289
4821
128
3905
2358
4029
1806
3377
1735
2655
902
1156
4252
4572
4221
1703
536
1798
799
72
4974
2332
2313
2686
3772
792
3913
226
1880
202
2099
736
4388
2453
3140
847
3694
2375
4655
4981
2176
3786
2904
3225
3311
3691
4804
260
2992
4835
2031
4855
823
3785
802
4410
1188
2402
814
4917
4697
1102
670
2052
5148
1427
4797
4707
1152
337
4239
1387
162
3548
1149
5185
395
382
4512
2950
2889
4644
3630
4169
3213
3578
1656
3780
2774
1900
3564
420
2660
2989
2482
2095
4944
2298
3994
487
3789
736
1783
1057
754
2066
1073
2009
2143
3326
3523
1619
3845
1496
436
1412
2809
2181
1703
5246
1781
27
2771
2681
806
2885
3863
4920
2714
1957
864
867
793
2473
914
535
1043
1612
1490
2112
4391
5227
962
289
2953
239
2488
187
558
2141
3472
859
1931
3210
1
2526
2474
4756
3967
733
4477
1916
1786
1765
3546
2372
60
3201
2832
1538
36
3623
5298
4708
2014
3963
2104
3093
3571
1551
2655
834
1409
475
2346
508
3685
339
931
3016
1472
965
821
102
663
845
5296
3991
5292
1229
5280
4062
3383
3718
4396
3972
2035
3414
591
2358
3211
3173
1972
2587
2123
4720
218
1289
4084
537
3567
1387
1532
2708
2639
1753
678
921
2068
2014
5183
2108
1587
4757
903
3079
4281
714
73
2238
4915
222
4784
1289
4037
205
4157
652
4479
3238
1032
5314
383
1092
4590
825
1866
1330
803
3736
5178
465
4681
1464
4002
4433
2654
3214
42
3758
3847
4561
1934
2166
4167
4408
385
3985
4378
1336
3564
557
1343
3907
2257
1882
5222
3463
4860
4503
1913
2623
5244
3527
594
3537
1225
2242
4253
5178
2894
5098
2840
3479
4073
612
4275
4884
4361
254
3262
521
1836
93
2395
484
4864
4486
2543
914
4057
36
2771
5320
920
2999
1048
4606
1952
1867
978
3359
5062
2739
1217
4342
3597
3515
4427
3708
1889
1737
3028
1923
5241
3085
125
2213
3820